,O1 A,O1 A1,O1 B,O1 C,O2,O3,O4,O4.2,O5 ab,O5 ac,O6,O6.2,O6.3,O7,O8,O9,O9 a,O10,O11,O12,O13,O15,O16,O16.2,O16.3,O17,O18 A,O18 A1,O18 A1A2,O18 ab,O18 ac,O18 B,O18 B1,O19 ab,O20 ab,O20 ac,O21,O22,O23 A,O24,O25,O26,O27,O28 ab,O28 ac,O29,O30,O32,O35,O36,O37,O38,O39,O40,O41,O42,O43,O44,O45,O45 rel,O46,O48,O49,O52,O53,O55,O56,O58,O59,O61,O62,O64,O65,O66,O68,O69,O70,O71,O73,O73 ab,O74,O75,O76,O77,O78,O79,O82,O83,O85,O86,O86.2,O86.3,O87,O88,O90,O91,O96,O97,O98,O99,O100,O101,O102,O103,O104,O105,O107,O108,O109,O110,O111,O112 ab,O112 ac,O113,O114,O115,O116,O117,O118,O119,O120,O121,O123,O124,O125 ab,O126,O126.2,O127,O128 ab,O128 ab.2,O128 ac,O129,O130,O131,O132,O133,O134,O135,O136,O137,O138,O139,O140,O141,O142,O143,O145,O146,O147,O148,O149,O150,O151,O152,O153,O154,O155,O156,O157,O158 ab,O158 ac,O159,O160,O161,O163,O164,O165,O166,O167,O168,O169,O170,O171,O172,O173,O174 ab,O174 ac,O175,O176,O177,O178,O180,O181,O182,O183,O184,O185,O186,O187
O1 A,0.0,0.0,1.0,0.75,0.5,2.4429833333333333,1.72943125,1.737305,1.75,1.75,1.5,1.5,1.5,1.73974625,2.1041666666666665,2.0875,1.9609375,1.0,1.9765625,1.75,1.0,1.7574416666666668,1.95703125,1.7109375,1.953125,2.25,1.8515625,2.2308125,2.2215,1.70703125,1.8515625,1.70703125,2.0,1.8880200000000003,2.25,2.525,2.5032875000000003,1.975,2.175,2.2916666666666665,2.3125,1.7083333333333333,3.4085125,1.5,1.75,2.38929625,2.0,2.175,1.3125,2.3432,1.75,1.75,1.6875,1.95214875,1.6807299999999998,1.9281000000000001,1.7265625,2.0,1.8794625,1.715775,2.0,1.4609375,1.73974625,1.75,0.75,2.5274125,2.0833333333333335,1.9742583333333332,1.9140625,2.0416666666666665,2.9166666666666665,1.5,2.0625,1.9140625,2.1879625000000003,1.8171875,1.7492675,1.5,2.4425,1.75,2.0773166666666665,1.875,2.0,2.1875,1.75,1.7140625,1.958985,2.225,1.9195562499999999,1.7387700000000001,1.5,1.7387700000000001,1.5,1.7813875,1.7363275,2.0,1.9623412500000001,2.8112250000000003,1.5,2.25,1.25,2.25,2.8366208333333334,2.065625,2.0,1.5,1.8,1.75,1.8230541666666664,1.5,2.6326750000000003,1.9479975,1.99609375,1.72119125,1.75,1.4375,2.0625,1.8,1.75,1.7124025,1.9380200000000003,1.75,1.75,2.8541666666666665,2.2227875,1.5,1.8819458333333332,1.9609375,1.5,1.5,1.5,1.25,2.9013166666666663,2.25,1.6625,1.7375,2.0,1.738705,2.2083333333333335,2.4180541666666664,1.4467775,1.4456833333333332,2.2278000000000002,2.1918875,1.7265625,1.74609375,1.875,1.7038875,1.7297975,1.47666875,1.3035708333333333,1.4125,1.73840375,1.83203125,2.0625,1.25,2.7543875,1.72973625,1.75,2.5625,2.293858333333333,1.5,1.7265625,2.125,1.7363275,2.9375,2.0,1.9140625,1.975,1.72119125,2.25,1.71069375,2.025,1.85,1.75,1.8402791666666667,1.7223166666666667,1.9625,1.9375,1.470215,2.0630200000000003,1.4375,1.75,1.9737041666666666,2.25,1.75,1.9125,1.75,1.7321416666666665
O1 A1,0.0,0.0,1.0,0.75,0.5,2.48465,1.72943125,1.737305,1.75,1.75,1.5,1.5,1.5,1.73974625,2.1458333333333335,2.0875,1.9609375,1.0,1.9765625,1.75,1.0,1.7991083333333335,1.95703125,1.7109375,1.953125,2.25,1.8515625,2.2308125,2.2215,1.70703125,1.7265625,1.70703125,2.0,1.9130200000000002,2.25,2.525,2.5032875000000003,1.975,2.175,2.2916666666666665,2.3541666666666665,1.6666666666666667,3.4085125,1.5,1.75,2.38929625,2.0416666666666665,2.2,1.3625,2.3432,1.75,1.75,1.6875,1.95214875,1.7307299999999999,1.9281000000000001,1.7265625,2.0,1.8794625,1.7574416666666668,2.0,1.4609375,1.73974625,1.75,0.75,2.485745833333333,2.0,1.890925,1.9140625,2.0416666666666665,2.875,1.5,2.0625,1.9140625,2.2879625,1.8421875,1.7492675,1.5,2.4425,1.75,2.0773166666666665,1.875,2.0,2.1875,1.75,1.6890625,1.958985,2.2,1.9195562499999999,1.7387700000000001,1.5,1.7387700000000001,1.5,1.7813875,1.7363275,2.0,1.9623412500000001,2.6862250000000003,1.5,2.25,1.25,2.25,2.8366208333333334,2.015625,2.0,1.5,1.8,1.75,1.7397208333333332,1.5,2.5910083333333334,1.9479975,1.99609375,1.72119125,1.75,1.4375,2.0625,1.825,1.75,1.7124025,1.8630200000000001,1.75,1.75,2.8958333333333335,2.2227875,1.5,1.7152791666666667,1.9609375,1.5,1.5,1.5,1.25,2.942983333333333,2.25,1.7125,1.7375,2.0,1.738705,2.125,2.4180541666666664,1.4467775,1.4456833333333332,2.2278000000000002,2.2752208333333335,1.7265625,1.74609375,1.8333333333333333,1.7038875,1.7297975,1.47666875,1.4285708333333333,1.2875,1.73840375,1.83203125,2.0625,1.25,2.5460541666666665,1.72973625,1.75,2.6041666666666665,2.2521916666666666,1.5,1.7265625,2.125,1.7363275,2.8958333333333335,2.0,1.9140625,2.0,1.72119125,2.25,1.71069375,2.025,1.85,1.75,1.8819458333333332,1.68065,1.9625,1.9375,1.470215,2.0630200000000003,1.4375,1.75,2.0153708333333333,2.25,1.75,1.9125,1.75,1.8988083333333332
O1 B,1.0,1.0,0.0,0.25,1.0,2.460525,1.5,1.72149625,2.21875,1.9939575,1.97265625,1.96875,1.97265625,1.9370725,1.8139874999999999,1.7135424999999997,1.5,1.23034625,2.21289,1.75,1.0,1.875,1.75,1.75,1.75,1.97265625,1.5,1.955,2.1877,1.7236325,1.5,1.7236325,2.1875,1.3875,1.9375,2.175,2.8125,2.25,2.4699999999999998,2.2722208333333334,2.751095833333333,1.5833333333333333,3.375,1.95703125,1.71875,2.25,2.2583333333333333,2.34375,1.053125,2.42215,2.19336,1.97265625,1.72558625,1.75,1.8375,1.73828125,2.0,1.75,1.8348208333333333,1.8333333333333333,2.25,1.9491275,1.977265,2.0,1.5,2.2291666666666665,1.9805541666666666,2.4,2.0,2.25,2.736841666666667,1.75,2.2,1.8260424999999998,2.1143525,1.1135424999999999,2.0,1.96875,2.25,1.75,2.275,1.5861124999999998,2.25,1.75,2.0,2.0375,2.0,2.54375,1.75,1.75,1.5,1.75,1.75,2.3138875,1.75,2.175,1.9765625,3.1658125,1.75,1.75,1.25,2.5,2.9166666666666665,2.075,2.0,1.7469999999999999,2.090105,1.75,2.3138875,1.72265625,2.648025,2.15625,2.2109375,1.75,2.21875,1.75,2.25,2.1651049999999996,1.738525,1.941795,1.1885425,2.0,2.0,3.0833333333333335,2.25,1.5,1.7366666666666666,1.5,1.73828125,1.97265625,1.73828125,1.25,3.0219291666666663,2.25,1.7375,1.4625,2.25,1.23352,2.46875,2.6979166666666665,1.5,1.5208333333333333,2.4454725,2.4385958333333333,1.738525,1.98904375,2.086308333333333,1.46289,1.25,1.25,2.0639875,1.0270825000000001,1.5,1.5,2.2,1.49902375,2.7521916666666666,1.96850625,1.9939575,2.8541666666666665,2.6041666666666665,1.75,1.983215,2.086308333333333,1.75,3.125,2.25,1.75,2.0125,1.9863275,2.2,1.9824225,2.20052,2.1,1.5,2.1472208333333334,2.0013875,1.9260424999999999,1.75,1.5,2.2,1.75,2.0,2.3583333333333334,2.25,1.75,2.0625,2.0,1.9375
O1 C,0.75,0.75,0.25,0.0,0.75,2.2521916666666666,1.5,1.4794925,2.0,1.75,1.75,1.75,1.75,1.75,1.9419625,1.8875,1.728515,0.9857325,1.99707,1.75,1.22168,1.75,1.75,1.75,1.75,2.0,1.25,1.75,2.0,1.5,1.25,1.5,2.0,1.6125,2.0,2.325,2.688595833333333,2.0,2.375,2.2708333333333335,2.543858333333333,1.5507,3.2971000000000004,1.703125,1.5,2.2318,2.25,2.31875,0.95434,2.482454166666667,1.9609375,1.75,1.710205,1.75,1.61875,1.6796875,1.75,2.0,1.75,1.7916666666666667,2.25,1.7078250000000001,1.953125,1.75,1.25,1.9835541666666667,2.0027791666666666,2.1722208333333333,1.75,2.2083333333333335,2.8541666666666665,1.5,2.2,1.8,2.1287025,1.325,1.75,1.75,2.41,1.96875,2.2138875,1.5250000000000001,2.25,1.95703125,2.0,1.95,2.0,2.51875,1.6875,1.7480475,1.71337875,1.7480475,1.703125,2.025,1.75,2.175,1.75,3.0,1.5,2.0,1.0,2.5,2.8333333333333335,2.05,2.0,1.72516,2.0,1.75,2.1083333333333334,1.5,2.6315791666666666,1.997375,2.203125,1.5,2.0,1.5,2.225,2.125,1.49609375,1.7466275,1.4880200000000001,2.0,1.75,2.9583333333333335,2.21,1.7227625,1.7708333333333333,1.728515,1.5,1.75,1.5,1.46722375,2.8333333333333335,2.25,1.65,1.5041674999999999,2.25,1.240235,2.46875,2.65625,1.5,1.4250625,2.22236,2.3793875,1.5,1.75,2.0833333333333335,1.47412125,1.47265625,1.25,1.8169625,1.24757,1.5,1.703125,2.2,1.25,2.5021916666666666,1.75,1.75,2.6524125,2.5208333333333335,1.5,1.9270025,2.0833333333333335,1.75,2.875,2.25,1.75,2.0,1.74707,2.205,1.74414,2.15,1.975,1.703125,1.9819458333333333,1.8388875,1.975,1.95703125,1.25,2.2,1.75,1.9609375,2.1722208333333333,2.435,1.5,2.025,1.75,1.9166666666666667
O2,0.5,0.5,1.0,0.75,0.0,2.692983333333333,1.7320562499999999,1.7194825,1.75,1.5,1.5,1.5,1.5,1.75,1.9714083333333334,1.9901049999999998,1.9580075,1.25,1.978515,1.9624025,1.25,1.8333333333333333,2.0,1.9375,1.96875,2.0,1.7164312499999999,2.0,2.0,1.96582,1.7164312499999999,1.96582,2.23,1.6145825000000003,2.1875,2.525,2.6918875,2.0760425,2.5726199999999997,2.3180541666666667,2.4024125,1.6666666666666667,3.3260875,1.75,1.75,2.42,2.0263875,2.175,1.0807725,2.3865416666666666,1.75,1.75,1.72168,1.75,1.9296875,1.95410125,1.95703125,1.9921875,1.9196416666666665,1.875,2.0,1.4707025,1.75,2.0,0.75,2.523025,2.0680541666666667,1.9308333333333334,2.0,2.0952375,2.9375,1.75,2.025,1.925,2.1787025,1.7161450000000003,1.96875,1.5,2.3975,1.75,2.11685,1.875,2.0,1.9667975,1.75,1.7526049999999997,1.958985,2.2,1.75,1.98120125,1.75,1.98120125,1.75,1.9791666666666667,1.95703125,2.0,1.75,2.923475,1.72265625,2.2225,1.480575,2.25,2.7532875000000003,1.925,2.125,1.74186125,1.8041674999999997,1.9995112499999999,1.9791666666666667,1.75,2.597125,1.9550775,1.99877875,1.75,1.75,1.6875,2.05,1.8041674999999997,1.75,1.5,1.7395825000000003,2.0,2.0,2.9375,2.37,1.75,1.909258333333333,1.9580075,1.5,1.5,1.5,1.4848025,2.813595833333333,2.25,1.65,1.552605,2.0,1.5,2.125,2.4180541666666664,1.25,1.5203,2.4205125,2.2554833333333333,1.7164312499999999,1.5,1.8877541666666666,1.488235,1.4794925,1.5,1.5106291666666667,1.3018675,1.95037875,1.90600625,2.025,1.45703125,2.9627208333333335,1.75,1.5,2.735745833333333,2.398025,1.71875,1.734375,2.137225,1.95703125,3.0625,2.0,2.20068375,1.925,1.75,2.4524999999999997,1.74707,2.125,2.0291675,1.9082025,2.0277791666666665,1.8680541666666668,1.9083550000000002,1.72558625,1.5,2.025,1.25,1.75,1.8887041666666669,2.4370000000000003,1.75,1.9072924999999998,2.0,1.5833333333333333
O3,2.4429833333333333,2.48465,2.460525,2.2521916666666666,2.692983333333333,0.0,2.7083333333333335,2.5416666666666665,2.6666666666666665,2.8399125,2.7116208333333334,2.5208333333333335,2.7532875000000003,2.7037750000000003,3.0,2.933333333333333,2.9583333333333335,2.0833333333333335,2.745441666666667,2.6666666666666665,2.5,2.3333333333333335,2.7083333333333335,2.9583333333333335,2.9166666666666665,2.9583333333333335,2.0657875000000003,2.0625,2.2708333333333335,2.1458333333333335,2.0241208333333334,2.1041666666666665,1.8125,3.2666666666666666,2.75,2.375,2.3333333333333335,2.535416666666667,1.8541666666666667,2.6666666666666665,2.57375,2.3262533333333333,3.328533333333333,2.4583333333333335,2.6666666666666665,1.9857458333333333,2.53125,2.7694433333333337,2.7666666666666666,2.6073,2.4682,2.357454166666667,2.6282875000000003,2.424341666666667,1.91875,2.5,2.4957875,2.75,2.6666666666666665,2.3333333333333335,2.9616208333333334,2.3190791666666666,2.9166666666666665,2.3333333333333335,2.3366208333333334,2.296875,2.6041666666666665,2.5205083333333334,2.6491208333333334,2.890625,2.6666666666666665,2.375,2.9,2.7333333333333334,3.1166666666666667,2.9,2.2741208333333334,2.6666666666666665,2.6491208333333334,2.8125,2.6100266666666667,1.6666666666666667,2.875,3.1666666666666665,2.4583333333333335,2.720833333333333,2.6458333333333335,2.7694433333333337,2.25,2.5,2.5833333333333335,2.4166666666666665,2.38885,2.2913416666666664,2.7116208333333334,2.6333333333333333,2.481358333333333,3.0,2.2565791666666666,2.625,2.335525,3.0833333333333335,2.3177083333333335,2.902083333333333,2.7083333333333335,2.3410083333333334,2.8666666666666667,2.5635958333333333,2.32312,2.1458333333333335,2.5205083333333334,2.3333333333333335,2.5416666666666665,2.2916666666666665,2.6666666666666665,2.0,2.8854166666666665,2.6666666666666665,2.25,2.544954166666667,2.7333333333333334,2.7532875000000003,2.5833333333333335,2.3333333333333335,2.6041666666666665,2.5,2.0,2.9166666666666665,2.6951750000000003,2.8969291666666663,2.6951750000000003,2.5,2.6666666666666665,3.1666666666666665,2.5833333333333335,2.7333333333333334,3.044954166666667,2.5833333333333335,2.903646666666667,2.6354166666666665,2.5899125,2.629633333333333,2.4594291666666668,2.574996666666667,2.6041666666666665,2.5635958333333333,2.571615,2.9375,2.9616208333333334,2.75,2.3020833333333335,2.7,2.2083333333333335,2.3958333333333335,3.0,2.607454166666667,1.6666666666666667,2.3410083333333334,2.8399125,2.56901,2.8512366666666664,2.0833333333333335,2.357454166666667,2.6666666666666665,2.8782875000000003,2.3333333333333335,2.9616208333333334,2.3541666666666665,2.7333333333333334,2.5274125,2.732454166666667,2.2708333333333335,2.86875,2.8,2.3125,2.614171666666667,2.3251133333333334,2.783333333333333,2.9616208333333334,2.5,2.966666666666667,3.0416666666666665,2.4890333333333334,2.28599,2.8815791666666666,2.5833333333333335,2.8333333333333335,2.75,2.592591666666667
O4,1.72943125,1.72943125,1.5,1.5,1.7320562499999999,2.7083333333333335,0.0,0.5,1.75,1.5,2.18042,1.95703125,2.18042,1.75,1.5416666666666667,1.5006575,1.25,1.5,1.75,0.5,1.25,0.9671141666666667,1.25,0.75,0.75,1.75,1.25,1.75,1.75,1.4375,1.25,1.4375,1.9375,1.275,1.75,2.6425,2.710525,1.4427625,2.125,2.3138875,1.9583333333333333,1.1506999999999998,3.357791666666667,1.25,1.24177,2.0,2.25,1.95625,1.6375,2.5416666666666665,2.1875,1.96411125,1.75,1.25,1.825,1.71118125,2.0,1.75,1.4185625000000002,1.2102291666666667,1.5,1.75,1.5,1.5,1.7392575,2.7116208333333334,2.2916666666666665,2.2291666666666665,1.75,1.8333333333333333,2.8958333333333335,1.7324225,1.7625,1.45007,2.2041674999999996,1.2256575,2.0,1.5,2.205,1.9423825,2.1263875,1.9583333333333333,1.75,1.25,1.5,1.927175,1.9375,1.74375,1.7265625,1.75,1.75,1.75,1.5,2.0416666666666665,1.25,1.79375,1.75,3.25,1.25,2.25,1.25,1.75,2.9375,1.3802625,1.75,2.0,1.78125,1.25,1.9194458333333333,1.25,2.4385958333333333,1.953125,2.0,1.75,1.75,1.75,1.378125,1.640625,1.25,1.9491575,1.45,1.5,1.25,2.6458333333333335,2.23,1.5,1.8763874999999999,1.25,1.9739375,1.9739375,1.9739375,1.5,2.8958333333333335,1.5,1.2375,1.5635875000000001,1.5,1.25,1.9166666666666667,2.4583333333333335,1.0,1.5833333333333333,2.3674999999999997,2.5208333333333335,1.5,1.75,1.6770833333333333,1.734375,1.25,1.0,1.4166666666666667,1.639675,1.5,1.75,1.7625,1.5,2.751095833333333,1.5,1.5,2.4583333333333335,2.6458333333333335,1.75,1.9609375,1.71875,1.25,2.6875,1.75,1.75,1.8902174999999999,1.75,2.0,1.75,1.576315,1.2651325,1.5,2.0861125,2.0236125,1.509375,1.5,0.5,1.796875,1.5,1.5,2.2291666666666665,2.0,1.25,1.6125,1.0,1.4595375
O4.2,1.737305,1.737305,1.72149625,1.4794925,1.7194825,2.5416666666666665,0.5,0.0,2.203125,1.9707025,2.0,1.75,2.0,1.5,2.0416666666666665,2.0005200000000003,1.75,1.69140625,1.5,1.0,1.25,1.4559958333333334,1.25,1.25,1.25,1.74902375,1.46221875,1.75,1.75,1.48339875,1.46221875,1.48339875,1.9827762500000001,1.825,2.25,2.46,2.6359666666666666,1.9791674999999997,1.9243275,2.2083333333333335,1.8991208333333336,1.525404166666667,3.1096000000000004,1.75,1.70703125,2.13319,2.1458333333333335,2.325,1.6849824999999998,2.5833333333333335,2.19628875,1.95703125,1.5,1.75,1.8682299999999998,1.68862875,1.75,1.73828125,1.8690458333333335,1.6614583333333333,2.0,1.72168,1.99414,2.0,1.5,2.4616208333333334,2.279166666666667,2.0002791666666666,1.5,2.25,2.7127208333333335,1.70703125,2.3,1.9557299999999997,1.98889,1.7255200000000002,1.75,1.9609375,2.105,1.75,1.9166666666666667,2.0544458333333333,2.25,1.75,2.0,2.0760425,1.98535125,2.175,1.727295,1.75,1.96167,1.75,2.0,1.9194458333333333,1.75,2.225,1.75,3.196425,1.75,2.1875,1.25,2.25,2.813595833333333,1.8791674999999999,2.25,2.16272,2.075,1.75,1.7541666666666667,1.75,2.446270833333333,1.72265625,1.75,1.5,2.203125,1.75,1.8510424999999997,1.8276049999999997,1.75,1.7363275,1.8770825000000002,2.0,1.75,2.5010958333333333,1.9820437499999999,1.75,1.9887041666666665,1.75,1.75,1.75,1.75,1.25,2.7302625,2.0,1.7,1.6645825000000003,2.0,1.25,2.5104166666666665,2.5416666666666665,1.48828125,1.7559541666666665,2.42124125,2.4396916666666666,1.7042237500000001,1.734375,2.1666666666666665,1.5,1.75,1.480225,1.8586291666666668,1.775,1.72265625,1.75,2.3,1.25,2.813595833333333,1.25,1.9707025,2.3541666666666665,2.6524125,1.75,1.96875,2.0833333333333335,1.75,2.4177625,2.25,1.95581,1.8520825000000003,1.5,2.2175000000000002,1.5,2.0760425,1.7510424999999998,1.71051,2.0182416666666665,1.9708333333333332,1.85,2.0,1.0,2.3,1.9827875000000001,1.25,2.0833333333333335,2.1875,1.75,2.1,1.5,1.8477875000000001
O5 ab,1.75,1.75,2.21875,2.0,1.75,2.6666666666666665,1.75,2.203125,0.0,0.25,1.25,1.25,1.25,1.7236325,1.8333333333333333,1.75,1.75,2.0,1.7109375,1.75,2.21875,1.5,2.1875,1.75,1.75,2.25,2.0,2.5,2.5,2.0,2.0,2.0,2.4125,1.9,1.25,2.24994375,2.508770833333333,1.5,1.9575,2.4166666666666665,2.6666666666666665,1.4166666666666667,3.344204166666666,1.5,1.75,2.4625,2.0166666666666666,1.55,2.0,2.6666666666666665,1.25,1.75,1.953125,1.25,1.8,2.25,1.75,2.25,1.5833333333333333,1.5833333333333333,1.25,1.5,1.5,1.5,1.5,2.75,2.4166666666666665,1.9403708333333334,2.0,1.5006875,3.0833333333333335,1.75,1.4052624999999999,1.6,2.5268525,1.75,1.0,0.5,2.7,1.75,2.058704166666667,2.0111125,1.0,1.75,1.25,1.6334125,1.5,1.475,2.0,1.6796875,1.6875,1.6796875,1.25,2.0,1.20833375,1.4039475,2.125,3.5,1.25,2.6875,2.0,1.25,2.559670833333333,1.55,1.25,2.23,1.0251375,1.5,2.0,1.5,2.6018000000000003,1.5,1.488525,1.5,0.5,1.75,1.575,0.9751375,1.5,1.75,2.1,1.5,1.5,2.625,2.21732,1.75,2.25,1.25,1.5,1.488525,1.5,2.25,2.7543875,1.5,1.6,2.0,1.25,2.1875,1.4583333333333333,2.25,1.25,1.875,2.1775,2.6666666666666665,1.75,1.5,1.6666666666666667,1.75,1.5,1.5,1.4166666666666667,2.0543475,2.1875,2.1875,1.301315,1.75,2.633770833333333,1.953125,1.0,2.5416666666666665,2.6018000000000003,1.75,1.5,1.8333333333333333,1.5,2.6666666666666665,1.25,1.75,2.0543475,1.9375,2.6625,1.9375,1.45,1.55,2.1875,1.9583333333333333,1.875,1.6,1.25,1.5,1.225,1.5,2.0,1.9403708333333334,2.4121725,1.25,0.9502075,1.5,1.3333333333333333
O5 ac,1.75,1.75,1.9939575,1.75,1.5,2.8399125,1.5,1.9707025,0.25,0.0,1.5,1.5,1.5,1.7207025,1.625,1.55,1.5,1.98535125,1.9140625,1.5,1.9765625,1.3333333333333333,2.0,1.5,1.5,2.0,1.75,2.25,2.25,2.0,1.75,2.0,2.4625,1.625,1.4375,2.3025,2.5504374999999997,1.576315,2.0,2.3388875,2.710525,1.4204541666666666,3.344204166666666,1.5,1.5,2.465,2.0888875,1.775,1.825,2.6293875,1.5,1.75,1.9375,1.25,1.825,2.0,1.75,2.0,1.4204541666666666,1.4204541666666666,1.48611125,1.75,1.25,1.5,1.73046875,2.7335541666666665,2.2972208333333333,2.0537041666666664,2.0,1.5230708333333334,2.9583333333333335,1.75,1.2804024999999999,1.425,2.3518525,1.55,1.25,0.75,2.4825,1.75,2.139075,2.0833333333333335,1.25,1.5,1.5,1.7766300000000002,1.75,1.675,1.75,1.6923825,1.4851075,1.6923825,1.25,2.044445833333333,1.2217075,1.5539475,2.0,3.5,1.25,2.4375,1.75,1.5,2.75,1.575,1.4938275,2.1875,1.2001374999999999,1.5,2.0861125,1.5,2.7171041666666667,1.75,1.738525,1.7421875,0.75,1.75,1.5052625,1.2501375,1.5,1.5,1.9021750000000002,1.5,1.5,2.7127208333333335,2.20466,1.5,2.0833333333333335,1.2415125,1.6875,1.70336875,1.6875,2.0,2.7916666666666665,1.5,1.4276325,1.875,1.48611125,1.9375,1.6666666666666667,2.4583333333333335,1.0,1.6839250000000001,2.2418,2.6666666666666665,1.5,1.5,1.6666666666666667,1.5,1.25,1.25,1.4204541666666666,1.8793475000000002,1.9375,1.9848637500000001,1.2269725,1.5,2.6875,1.9707025,0.75,2.460525,2.7171041666666667,1.75,1.72265625,1.8333333333333333,1.47916625,2.6293875,1.25,1.953125,1.8793475000000002,1.9609375,2.435,1.9609375,1.6144725000000002,1.5751374999999999,1.9848637500000001,1.9552791666666665,1.9552791666666665,1.4526325,1.25,1.25,1.325,1.25,2.0,2.0537041666666664,2.25,1.0,0.8830325,1.5,1.1666666666666667
O6,1.5,1.5,1.97265625,1.75,1.5,2.7116208333333334,2.18042,2.0,1.25,1.5,0.0,0.25,0.0,1.5,1.8445999999999998,2.1875,2.19653375,1.75,1.91693125,1.73828125,2.0,2.0252958333333333,2.1738275,1.97265625,1.97265625,1.75,1.96850625,2.41,2.41,1.71875,1.96850625,1.71875,2.1681999999999997,2.2875,2.0,2.37,2.6282875000000003,2.0,2.1875,2.3777791666666666,2.5032875000000003,1.8511916666666668,3.010870833333333,1.75,1.97265625,2.4616800000000003,1.7389833333333335,2.1,2.0380200000000004,2.5625,1.5,1.75,1.5,1.71875,1.8,1.96411125,1.75,1.75,1.9211291666666668,1.8794625,2.0,1.5,1.966125,2.0,1.25,2.8958333333333335,2.294445833333333,1.7291666666666667,1.728515,1.8042083333333334,2.9583333333333335,2.0,1.8,1.6911450000000001,2.0416675,2.0875,1.703125,1.25,2.2131875,1.4980775,1.9712041666666666,2.0307416666666667,1.5,1.73828125,1.5,1.65,1.75,2.1,1.96875,1.96221875,1.72412125,1.96221875,1.75,2.0875,1.7265625,1.9,2.1617125,3.5,1.75,2.4375,1.990235,1.5,2.3509333333333333,1.440105,1.96875,2.0,1.5,1.75,2.0875,1.96875,2.6046875000000003,1.73957875,1.73957875,1.90692125,1.25,1.75,1.8125,1.63125,2.0,1.49414,2.1375,1.7265625,1.75,3.0,2.2012,1.72917125,1.9833333333333334,1.9453125,1.5,1.4980475,1.5,1.97753875,2.5416666666666665,2.25,1.9921875,1.89375,2.0,2.174805,2.0833333333333335,1.9583333333333333,1.7365724999999999,1.8541666666666667,2.4074999999999998,2.6315791666666666,1.73828125,1.5,2.023808333333333,1.9767000000000001,1.96484375,1.74121125,1.8511916666666668,1.84757,2.0,1.7171625000000001,1.8432299999999997,1.91015625,2.8771916666666666,1.9140625,1.5,2.544954166666667,2.3546875000000003,1.75,1.5,2.2619041666666666,1.5,2.7083333333333335,1.75,1.7395625,1.9322699999999997,1.75,2.41,1.94256625,2.1,2.0041675,1.9140625,1.9338875,1.9338875,1.9671875,1.48828125,1.98339875,1.7625,1.737915,1.9609375,1.9778708333333335,2.4516,1.75,1.7557500000000001,2.0,1.7752958333333335
O6.2,1.5,1.5,1.96875,1.75,1.5,2.5208333333333335,1.95703125,1.75,1.25,1.5,0.25,0.0,0.25,1.5,1.8445999999999998,2.1875,2.19653375,1.75,1.91693125,1.9140625,1.97753875,1.9627958333333335,2.1738275,1.97265625,1.97265625,1.75,1.74414,2.185,2.41,1.9453125,1.74414,1.9453125,2.21,2.2875,2.0,2.37,2.3004374999999997,2.0,1.9375,2.3388875,2.7083333333333335,1.8511916666666668,3.260870833333333,1.75,1.96191375,2.44238,1.4891666666666667,2.1,2.0630200000000003,2.5625,1.5,1.75,1.5,1.70703125,1.9291674999999997,1.9609375,1.75,1.75,2.0252958333333333,1.8794625,2.0,1.5,1.966125,2.0,1.25,2.7916666666666665,2.294445833333333,1.6458333333333333,1.728515,1.8584166666666668,3.0416666666666665,2.0,1.8,1.6661450000000002,2.0416675,2.0125,1.703125,1.25,2.2131875,1.4980775,1.8541666666666667,1.7857416666666666,1.5,1.73828125,1.5,1.625,1.75,2.1,1.7265625,1.96221875,1.72412125,1.96221875,1.75,1.9583333333333333,1.7265625,1.9,1.94043,3.5,1.75,2.5625,1.9296875,1.5,2.6409291666666665,1.6166674999999997,1.96875,2.0,1.55,1.75,2.0,1.90625,2.5,1.4895025,1.73957875,1.69569375,1.25,1.75,1.7375,1.60625,2.0,1.49414,2.0625,1.7265625,1.75,2.875,2.2012,1.706895,1.8138874999999999,1.9453125,1.5,1.4980475,1.5,1.9927975,2.710525,2.25,1.9125,1.91875,2.0,2.1484375,2.0833333333333335,2.0208333333333335,1.7050775,1.9449416666666668,2.4074999999999998,2.5866208333333334,1.5,1.4851687500000001,2.0119041666666666,1.9767000000000001,1.96484375,1.74121125,1.8392875,2.1666675,1.97222875,1.6875,1.7932299999999999,1.91015625,2.835525,1.89453125,1.5,2.544954166666667,2.5833333333333335,1.75,1.75,2.25,1.5,3.0416666666666665,1.75,1.953125,1.85,1.5,2.45,1.703125,2.1,1.9791674999999997,1.9375,1.684075,1.7674083333333332,1.9921875,1.48828125,1.9668575000000001,1.7375,1.737915,1.9609375,1.9166666666666667,2.4516,1.75,1.6307500000000001,2.0,1.6458333333333333
O6.3,1.5,1.5,1.97265625,1.75,1.5,2.7532875000000003,2.18042,2.0,1.25,1.5,0.0,0.25,0.0,1.5,1.927933333333333,2.1875,2.19653375,1.75,1.91693125,1.73828125,2.0,2.0252958333333333,2.1738275,1.97265625,1.97265625,1.75,1.96850625,2.41,2.41,1.71875,1.96850625,1.71875,2.1681999999999997,2.2875,2.0,2.37,2.544954166666667,2.0,2.1875,2.419445833333333,2.419954166666667,1.8511916666666668,2.844204166666666,1.75,1.97265625,2.4616800000000003,1.8223166666666668,2.1,2.0380200000000004,2.6041666666666665,1.5,1.75,1.5,1.71875,1.8,1.96411125,1.75,1.75,1.8794625,1.9211291666666668,2.0,1.5,1.966125,2.0,1.25,2.8541666666666665,2.3361125,1.7291666666666667,1.728515,1.8042083333333334,2.9166666666666665,2.0,1.825,1.7411450000000002,2.0166674999999996,2.0125,1.703125,1.25,2.2131875,1.4980775,1.9712041666666666,2.0307416666666667,1.5,1.73828125,1.5,1.65,1.75,2.1,1.96875,1.96221875,1.72412125,1.96221875,1.75,2.0875,1.7265625,1.9,2.1617125,3.5,1.75,2.4375,1.990235,1.5,2.4342666666666664,1.540105,1.96875,2.0,1.6,1.75,2.0875,1.96875,2.7296875000000003,1.73957875,1.73957875,1.90692125,1.25,1.75,1.8125,1.58125,2.0,1.49414,2.0875,1.7265625,1.75,2.875,2.2012,1.72917125,1.9416666666666667,1.9453125,1.5,1.4980475,1.5,1.97753875,2.5833333333333335,2.25,1.9921875,1.91875,2.0,2.174805,2.0833333333333335,2.0,1.7365724999999999,1.8541666666666667,2.4074999999999998,2.6315791666666666,1.73828125,1.5,2.023808333333333,1.9767000000000001,1.96484375,1.74121125,1.8511916666666668,1.84757,2.0,1.7171625000000001,1.7182299999999997,1.91015625,2.8771916666666666,1.9140625,1.5,2.5866208333333334,2.396354166666667,1.75,1.5,2.2619041666666666,1.5,2.7083333333333335,1.75,1.7395625,1.9572699999999998,1.75,2.41,1.94256625,2.075,1.9041674999999998,1.9140625,1.9338875,1.9338875,1.9671875,1.48828125,1.98339875,1.7625,1.737915,1.9609375,1.936204166666667,2.4516,1.75,1.65575,2.0,1.8169625
O7,1.73974625,1.73974625,1.9370725,1.75,1.75,2.7037750000000003,1.75,1.5,1.7236325,1.7207025,1.5,1.5,1.5,0.0,1.7916666666666667,1.8255200000000003,1.5,1.73706,1.5,1.6875,1.95642125,1.7708333333333333,1.96484375,1.75,1.75,1.7236325,1.92962625,2.325,2.2,1.68847625,1.92962625,1.68847625,2.15602625,2.0125,2.0,2.24,2.3201750000000003,2.07552,2.1875,2.375,2.4616208333333334,1.7916666666666667,3.2771749999999997,1.75,1.75,2.2275,2.009720833333333,2.25,1.7927075000000001,2.2565791666666666,1.9375,1.9801025,0.75,1.75,1.8895825000000002,1.7109375,1.5,1.74121125,1.8273791666666668,1.8690458333333335,1.953125,1.72461,1.75,2.0,1.740235,2.6085541666666665,2.4166666666666665,1.9444458333333332,1.5,2.0416666666666665,3.0065791666666666,1.9140625,2.0,1.7840924999999999,1.7129625000000002,1.6375,1.7109375,1.7238775,1.99294,1.72692875,2.0709250000000003,1.9638875,2.0,1.5,1.95459,1.5015625,1.75,2.2,1.75,1.67578125,1.74877875,1.67578125,1.75,1.7527791666666666,1.5,2.075,1.75,3.375,1.75,2.4365,1.7109375,2.0,2.6666666666666665,2.075,1.95703125,2.36012,1.6625,1.75,1.9194458333333333,1.75,2.732454166666667,1.75,1.7109375,1.5,1.4794925,1.75,1.8177075000000003,1.7765625,2.0,1.7396850000000001,1.8427075000000002,1.5,1.75,2.523025,1.75,1.5,2.154166666666667,1.5,1.95336875,1.95336875,1.95336875,1.6875,2.688595833333333,2.0,1.8041674999999997,1.6395825000000002,1.953125,1.93359375,2.1666666666666665,2.4583333333333335,1.734375,1.6056541666666666,1.9649999999999999,1.9290166666666666,1.96899375,1.94140625,2.0833333333333335,1.7125124999999999,1.75,1.4707025,1.8690458333333335,1.9166674999999997,1.953125,1.875,1.675,1.5,2.673245833333333,1.5,1.9375,2.3782875000000003,2.3991208333333334,1.75,1.976685,2.25,1.5,2.606358333333333,1.75,1.75,1.925,1.5,2.24458,1.5,2.002605,1.7630200000000003,1.9933475,1.9263875,1.8847208333333334,1.790625,1.5,1.75,1.6796875,1.7109375,1.75,2.0416666666666665,1.9522,1.75,1.7307299999999999,2.0,1.625
O8,2.1041666666666665,2.1458333333333335,1.8139874999999999,1.9419625,1.9714083333333334,3.0,1.5416666666666667,2.0416666666666665,1.8333333333333333,1.625,1.8445999999999998,1.8445999999999998,1.927933333333333,1.7916666666666667,0.0,0.6433673333333334,0.6704545833333334,2.1041666666666665,2.0416666666666665,1.5416666666666667,1.778275,1.3333333333333333,2.0416666666666665,1.5416666666666667,1.5416666666666667,1.2931541666666666,2.125,2.625,2.625,2.25,2.125,2.25,2.75,1.2690466666666667,1.6666666666666667,2.5104166666666665,2.96875,1.8375,2.7512250000000003,2.3271599999999997,3.0,1.6666666666666667,3.6,1.7083333333333333,1.5416666666666667,2.7916666666666665,2.3271599999999997,2.0,1.75294,2.625,2.25,2.25,1.875,1.5260416666666667,2.1,2.0416666666666665,2.0,1.2580791666666666,1.3333333333333333,1.3333333333333333,1.9166666666666667,2.25,1.6287875000000003,1.6666666666666667,2.1875,2.9166666666666665,2.3271599999999997,1.9711933333333331,1.5416666666666667,1.6666666666666667,2.9750166666666664,2.1666666666666665,1.70119,1.3333333333333333,1.3614566666666665,1.3100333333333334,2.2083333333333335,1.8333333333333333,1.7953416666666666,1.2127958333333335,2.3333333333333335,2.3333333333333335,1.9166666666666667,0.71883625,1.59375,1.8343133333333332,2.3541666666666665,2.0,2.0416666666666665,2.0416666666666665,1.9375,2.0416666666666665,1.7083333333333333,1.6666666666666667,1.5416666666666667,1.9333333333333333,2.1279749999999997,3.6666666666666665,1.7083333333333333,2.258579166666667,2.0,2.0,3.0,1.5345233333333332,1.9166666666666667,2.5833333333333335,1.8666666666666667,1.7864583333333333,2.3333333333333335,1.7864583333333333,3.0,2.2961291666666668,2.2961291666666668,2.25,1.8333333333333333,2.0416666666666665,1.70119,1.8666666666666667,1.7083333333333333,1.875,1.7081899999999999,1.7864583333333333,1.7083333333333333,3.0,2.2916666666666665,1.7321416666666665,1.6666666666666667,1.3371208333333333,2.1875,2.1875,2.1458333333333335,1.8348208333333333,3.0,1.9166666666666667,1.4,1.8558833333333336,1.9166666666666667,1.8363083333333332,2.0,2.6666666666666665,1.5416666666666667,1.6666666666666667,2.691175,2.5833333333333335,2.125,2.0416666666666665,1.6666666666666667,1.9196416666666665,1.4261375,1.5,1.6666666666666667,1.7509799999999998,2.0416666666666665,2.0416666666666665,1.70119,2.0,3.0,2.25,1.5416666666666667,3.0,3.0,2.2083333333333335,2.25,1.6666666666666667,1.4393958333333334,3.0,1.9166666666666667,2.25,1.8333333333333333,2.25,2.125,2.25,1.8375,1.7416666666666667,2.0416666666666665,2.25,2.25,1.10119,0.71883625,1.5,1.7666666666666666,1.6287875000000003,2.2961291666666668,2.3333333333333335,2.0833333333333335,1.5,1.6,1.7083333333333333,1.0833333333333333
O9,2.0875,2.0875,1.7135424999999997,1.8875,1.9901049999999998,2.933333333333333,1.5006575,2.0005200000000003,1.75,1.55,2.1875,2.1875,2.1875,1.8255200000000003,0.6433673333333334,0.0,0.27631575,2.0375,1.95,1.5,1.7880200000000002,1.4,2.0,1.475,1.5,1.4255200000000001,2.07552,2.52543,2.57543,2.2,2.02552,2.2,2.7,1.2,1.675,2.5339300000000002,2.8833333333333333,1.6,2.7,2.3043866666666664,3.0,1.6666666666666667,3.6666666666666665,1.65,1.5,2.725,2.3377199999999996,2.0,1.6,2.55,2.25,2.25,1.75,1.6256574999999998,2.0,2.0,1.9,1.4255200000000001,1.4,1.4,1.9,2.2020825000000004,1.6256574999999998,1.6,2.1875,2.9166666666666665,2.3043866666666664,2.1166666666666667,1.65,1.8666666666666667,2.9569433333333337,2.1,1.6,1.2,1.3625,1.0,2.15,1.8,1.925,1.425,2.45,2.3333333333333335,1.9,0.9256575,1.575,1.934,2.325,2.0,2.0541674999999997,2.0,1.8651049999999998,2.0,1.65,1.6666666666666667,1.5,1.8,2.1255200000000003,3.6,1.65,2.25043,1.95,2.0,3.216666666666667,1.4,1.9,2.575,1.8,1.73125,2.3333333333333335,1.73125,3.1166666666666667,2.3,2.3,2.2,1.8,1.9,1.6,1.8,1.65,2.0541674999999997,1.4,1.73125,1.65,3.1333333333333333,2.25,1.8901049999999997,2.0350866666666665,1.301315,2.1875,2.1875,2.1875,1.8,3.216666666666667,1.9,1.39375,1.6,1.9,1.7760424999999997,2.0,2.6666666666666665,1.6,1.7752450000000002,2.7125,2.55,2.07552,2.0541674999999997,1.8666666666666667,1.9255200000000001,1.4256575,1.45,1.6666666666666667,1.5768,2.0,1.9755200000000002,1.6,1.95,2.933333333333333,2.2,1.6,3.0,3.1166666666666667,2.15,2.25,1.8666666666666667,1.5,3.1333333333333333,1.9,2.2,1.7932000000000001,2.2,1.95043,2.2,1.6,1.6,1.9505200000000003,2.25,2.216666666666667,1.0,0.9256575,1.45,1.6,1.6256574999999998,2.3,2.45,2.05,1.45,1.5882809999999998,1.65,1.2
O9 a,1.9609375,1.9609375,1.5,1.728515,1.9580075,2.9583333333333335,1.25,1.75,1.75,1.5,2.19653375,2.19653375,2.19653375,1.5,0.6704545833333334,0.27631575,0.0,1.97168,1.75,1.25,1.5,1.3371208333333333,1.75,1.25,1.25,1.25,1.953125,2.45,2.45,2.0,1.953125,2.0,2.5,1.4,1.75,2.6,2.8344291666666663,1.725,2.5,2.3361125,2.9166666666666665,1.5833333333333333,3.6467375000000004,1.5,1.25,2.5,2.3361125,2.0,1.6857525,2.5427625,2.1875,2.1875,1.5,1.5,1.95,1.75,1.75,1.25,1.3371208333333333,1.3371208333333333,1.75,2.19628875,1.5,1.5,2.1885375,2.7927625,2.294445833333333,2.0625,1.5,1.8333333333333333,2.8859666666666666,2.0,1.7,1.34408,1.5652775,1.2763149999999999,2.0,1.75,1.75,1.25,2.3958333333333335,2.25,1.75,0.75,1.5,1.9173925,2.25,2.0,1.97265625,1.75,1.7236325,1.75,1.5,1.5833333333333333,1.25,1.9,2.0,3.5,1.5,2.0,1.75,2.0,3.1458333333333335,1.5256574999999999,1.75,2.425,1.79375,1.5,2.25,1.5,3.0625,2.2109375,2.2109375,2.0,1.75,1.75,1.7,1.79375,1.5,1.9982912499999999,1.7010874999999999,1.5,1.5,3.0833333333333335,2.0,1.7236325,1.9805541666666666,1.0,2.1885375,2.1885375,2.1885375,1.5,3.1458333333333335,1.75,1.4317875,1.7880425,1.75,1.5,2.0,2.6666666666666665,1.5,1.7323708333333332,2.4935,2.4594291666666668,1.953125,1.97265625,1.8333333333333333,1.75,1.25,1.25,1.5833333333333333,1.61413,1.75,1.75,1.7,1.75,2.8333333333333335,2.0,1.5,2.9166666666666665,3.0625,2.0,2.1875,1.8333333333333333,1.25,2.9583333333333335,1.75,2.0,1.830435,2.0,1.75,2.0,1.725,1.6,1.75,2.1263875,2.1680541666666664,1.0317875,0.75,1.25,1.73125,1.5,2.2109375,2.3958333333333335,1.75,1.25,1.56579,1.5,1.1670125
O10,1.0,1.0,1.23034625,0.9857325,1.25,2.0833333333333335,1.5,1.69140625,2.0,1.98535125,1.75,1.75,1.75,1.73706,2.1041666666666665,2.0375,1.97168,0.0,1.98828125,1.75,1.24902375,1.7916666666666667,1.96875,1.70703125,1.9375,2.25,1.7062525,1.9935749999999999,2.20538,1.6870112499999999,1.7062525,1.6870112499999999,1.975,1.8375,2.25,2.375,2.5416666666666665,2.0,2.215,2.25,2.273025,1.4583333333333333,3.343295833333334,1.5,1.73828125,2.1932125,2.1888875,2.36875,1.3931425000000002,2.5252208333333335,1.75,1.9609375,1.4963375,1.75,1.478125,1.5,1.75,2.203125,1.7708333333333333,1.7083333333333333,2.25,1.6971125,1.953125,1.5,1.5,2.231358333333333,2.0263875,2.138425,1.75,2.1666666666666665,2.875,1.46875,2.2375,1.8375,2.2125,1.6125,1.75,1.75,2.46,1.97558625,2.263425,1.5,2.25,2.1875,2.0,1.8875,2.234375,2.56875,1.7265625,1.5,1.25,1.5,1.5,1.8388875,1.9375,2.175,2.20849625,2.6658125,1.5,2.25,1.0,2.5,2.75,2.1401049999999997,2.0,1.7416274999999999,2.0,1.75,1.9222208333333333,1.5,2.548245833333333,2.19043,2.2207025,1.75,2.0,1.72168,2.25,2.025,1.488525,1.67871125,1.6380200000000003,2.0,1.75,2.75,2.21,1.25,1.6722208333333333,1.9375,1.7480475,1.75,1.7480475,1.0,2.8793875,2.25,1.8625,1.6125,2.25,1.4781499999999999,2.5104166666666665,2.6979166666666665,1.25,1.4791666666666667,2.223,2.023025,1.92926,1.9907225,2.0833333333333335,1.72461,1.72265625,1.24414,1.75,1.343055,1.9140625,1.9585575,2.2375,1.21875,2.3333333333333335,1.7363275,1.98535125,2.6085541666666665,2.6041666666666665,1.72168,1.70703125,2.0416666666666665,1.9375,2.75,2.25,1.703125,2.1125,1.9721674999999999,2.4105,1.934815,2.1,1.9,1.9585575,1.9583333333333333,1.7555541666666665,2.0375,2.1875,1.25,2.23802,1.9375,2.16015625,2.1794458333333333,2.4665,1.7265625,2.0375,1.75,1.8958333333333333
O11,1.9765625,1.9765625,2.21289,1.99707,1.978515,2.745441666666667,1.75,1.5,1.7109375,1.9140625,1.91693125,1.91693125,1.91693125,1.5,2.0416666666666665,1.95,1.75,1.98828125,0.0,1.75,2.25,2.0252958333333333,1.97583,1.75,1.75,1.99578875,1.97522,2.4,2.4,1.6875,1.97522,1.6875,2.1550000000000002,2.35,2.25,2.46,2.673245833333333,1.9760424999999997,2.15,2.3375,2.383770833333333,1.8273791666666668,2.9048916666666664,2.0,2.0,2.2199999999999998,2.2958333333333334,2.125,2.134375,2.0219291666666668,1.7236325,1.8928224999999999,1.5,2.0,1.7625,1.99902375,0.5,2.0,2.0252958333333333,2.0252958333333333,1.5,1.73046875,1.75,2.0,1.94628875,2.4407875000000003,2.504166666666667,1.8336124999999999,1.4375,1.842475,3.0833333333333335,1.9453125,2.075,2.053125,2.1125,2.20052,1.5,1.7109375,2.435,1.94586125,1.8819458333333332,1.9907416666666666,1.75,1.94140625,1.75,2.025,2.0,2.125,1.9479975,1.7483825,1.75,1.7483825,1.70703125,1.7291666666666667,1.5,2.125,2.0,3.446425,1.75,2.675,2.0,1.75,2.490479166666667,1.9895825000000003,1.75,2.3975,1.575,1.75,1.9611124999999998,1.75,2.486841666666667,1.25,1.25,1.25,1.953125,1.72583,1.9276049999999998,1.575,2.0,1.75,2.225,1.75,1.75,2.5032875000000003,1.5,1.9892575,2.316666666666667,1.9226075,1.47265625,1.45806875,1.47265625,1.99902375,2.1997916666666666,1.97383125,2.075,2.1052075,1.5,2.1711425,2.2916666666666665,2.375,1.9707025,2.0461291666666668,2.4050000000000002,2.481358333333333,1.72784375,1.9448237499999999,2.0416666666666665,1.75,1.9609375,2.0,1.8273791666666668,2.3296875,2.1711425,2.1711425,2.15,1.74902375,2.4418875,1.0,1.67578125,2.2149125,2.5701750000000003,1.25,1.5,2.25,1.75,2.4616208333333334,2.0,1.48754875,2.225,1.0,1.9425,1.5,1.71875,1.9625,1.98059125,1.8283333333333331,2.0779625,1.7765625,1.75,2.0,1.975,2.0,1.5,2.0416666666666665,1.9738,1.7129512500000001,1.6552075000000002,1.75,1.8454500000000003
O12,1.75,1.75,1.75,1.75,1.9624025,2.6666666666666665,0.5,1.0,1.75,1.5,1.73828125,1.9140625,1.73828125,1.6875,1.5416666666666667,1.5,1.25,1.75,1.75,0.0,1.5,0.9671141666666667,1.5,1.0,1.0,1.5,1.71630875,1.9675,2.2199999999999998,1.73828125,1.71630875,1.73828125,2.23,1.625,1.75,2.6425,2.460525,1.576315,2.1875,2.2708333333333335,2.0208333333333335,1.372075,3.2563416666666662,1.2415125,1.0,1.99852,1.875,1.95625,1.9125,2.6491208333333334,2.1875,1.8984375,1.6875,1.25,1.675,1.5,2.0,1.5,1.2916666666666667,1.0,1.5,1.99273625,1.5,1.5,1.97992,2.5866208333333334,2.0833333333333335,2.2291666666666665,1.5,1.78125,2.9177625,1.7324225,1.725,1.3625,1.98889,1.475,2.0,1.75,2.0,1.97753875,1.8361124999999998,2.1666666666666665,1.75,1.0,1.5,1.9190224999999999,2.0,1.88125,1.7265625,1.75,1.75,1.75,1.5,2.125,1.25,1.84375,1.75,3.5,1.25,2.25,1.5,1.5,2.7291666666666665,1.0625,1.75,2.25,1.728125,1.0,2.125,1.25,2.7719291666666663,2.18847625,2.2109375,1.75,1.5,1.75,1.1804025,1.79375,1.25,1.9514162499999999,1.875,1.5,1.0,2.9166666666666665,2.25,1.488525,1.8763874999999999,1.25,1.9739375,1.9739375,1.9739375,1.5,2.7291666666666665,1.5,1.44079,1.7782600000000002,1.5,1.5,2.0,2.0625,1.25,1.6907041666666665,2.496,2.648025,1.75,1.75,1.6770833333333333,1.9609375,1.5,1.0,1.4166666666666667,1.6402174999999999,1.5,1.5,1.6125,1.75,2.751095833333333,1.5,1.45833375,2.8344291666666663,2.5,1.75,1.9111325,1.71875,1.25,2.732454166666667,1.5,1.75,1.625,1.75,2.0,1.75,1.575,1.3,1.7109375,2.0861125,1.9819458333333333,1.5407899999999999,1.5,0.75,1.73125,1.25,1.75,2.2291666666666665,2.0,1.25,1.6125,1.25,1.2958
O13,1.0,1.0,1.0,1.22168,1.25,2.5,1.25,1.25,2.21875,1.9765625,2.0,1.97753875,2.0,1.95642125,1.778275,1.7880200000000002,1.5,1.24902375,2.25,1.5,0.0,1.6681541666666666,1.75,1.5,1.75,1.5,1.25,1.72,1.9649999999999999,1.72265625,1.25,1.72265625,2.0,1.3125,2.203125,2.4375,2.8541666666666665,2.15,2.1825,1.9875,2.5065791666666666,1.6711291666666668,3.5443833333333337,1.75,1.5,2.43772125,2.1458333333333335,2.56875,0.9966149999999999,2.523025,2.25,2.0,1.75,1.75,2.0520825,1.484375,2.1640625,1.737305,1.8348208333333333,1.6681541666666666,2.25,1.75,1.75,2.0,1.25,2.6535083333333334,2.0680541666666667,2.3180541666666667,2.1640625,2.3541666666666665,2.5296041666666667,1.75,2.275,1.8661450000000002,2.0341725,1.415625,1.98828125,1.96875,2.1675,1.7167975,2.3180541666666667,1.9375,2.25,1.75,2.0,2.0171875,2.22180125,2.38125,1.96972625,1.96972625,1.5,1.96972625,2.0,2.2152791666666665,1.75,2.225,1.978515,3.0,1.75,1.5,1.25,2.5,3.0416666666666665,1.8010424999999999,2.25,1.5,2.190105,2.0,2.15,1.75,2.919954166666667,1.99194375,2.23046875,1.9892575,2.21875,1.95703125,2.1,2.0151049999999997,1.75,1.75,1.408615,2.0,2.0,2.8991208333333334,2.2343,1.46875,1.75315,1.5,2.0,2.0,2.0,0.75,3.2291666666666665,2.25,1.365105,1.3375,2.25,0.75,2.5104166666666665,2.65625,1.25,1.2561666666666667,2.2432,2.4440791666666666,1.5,1.96972625,2.084820833333333,1.5,1.25,1.24609375,1.9166666666666667,0.9,1.75,1.70703125,2.25,1.23400875,2.875,1.9892575,1.96875,2.5,2.7302625,1.95703125,2.1796875,2.1264875,1.75,2.9407875000000003,2.25,2.2050775,1.92231,1.9892575,2.4524999999999997,1.99243125,2.27552,2.1875,1.70703125,2.1458333333333335,1.9638875,1.8151049999999997,1.75,1.25,2.3,1.75,1.981445,2.3180541666666667,2.4375,1.75,2.115105,1.9765625,1.8639458333333334
